conv1_1
[0, 0, 0, 0, 0, 0, 0, 0, 2, 0, 1, 0, 0, 0, 0, 0, 0, 0, 0, 0, 0, 0, 0, 0, 0, 0, 0, 0, 0, 0, 0, 0, 0, 0, 0, 0, 0, 0, 0, 0, 0, 0, 0, 1, 0, 0, 0, 0, 0, 0, 0, 0, 0, 0, 0, 0, 0, 0, 0, 0, 0, 0, 0, 0, 0, 0, 0, 0, 0, 0, 0, 0, 0, 0, 0, 0, 0, 0, 0, 0, 0, 0, 0, 0, 0, 0, 0, 0, 0, 0, 0, 0, 0, 0, 0, 0, 0, 0, 2, 1, 0, 0, 0, 0, 0, 0, 0, 0, 0, 0, 0, 0, 0, 0, 0, 0, 0, 0, 0, 0, 0, 3, 0, 0, 0, 0, 0, 0]
conv2_1
[1, 0, 0, 1, 0, 0, 0, 0, 0, 0, 0, 0, 0, 0, 0, 0, 2, 0, 0, 0, 0, 1, 0, 0, 0, 1, 1, 0, 0, 0, 0, 0, 1, 0, 0, 0, 0, 1, 0, 0, 0, 0, 0, 0, 0, 1, 0, 0, 0, 1, 0, 0, 0, 0, 0, 0, 0, 0, 0, 0, 0, 0, 1, 0, 0, 0, 0, 0, 0, 0, 0, 0, 0, 0, 0, 0, 2, 0, 0, 0, 0, 1, 0, 0, 0, 0, 0, 0, 0, 2, 0, 0, 0, 2, 0, 0, 4, 0, 0, 0, 0, 0, 0, 0, 1, 0, 0, 0, 1, 0, 0, 2, 0, 0, 0, 0, 0, 1, 0, 1, 0, 0, 0, 1, 0, 0, 0, 0]
conv3_1
[7, 4, 5, 13, 3, 2, 7, 8, 5, 5, 2, 4, 1, 2, 4, 3, 6, 2, 8, 3, 2, 8, 1, 9, 5, 17, 12, 2, 2, 3, 2, 4, 5, 2, 3, 3, 2, 7, 3, 3, 3, 5, 1, 4, 4, 6, 1, 3, 3, 4, 1, 4, 3, 5, 8, 2, 8, 3, 1, 5, 4, 8, 4, 5, 4, 3, 4, 6, 4, 7, 8, 5, 1, 1, 4, 4, 9, 6, 3, 4, 3, 2, 3, 7, 3, 7, 3, 4, 3, 8, 5, 3, 2, 5, 6, 2, 12, 4, 2, 5, 2, 8, 2, 5, 10, 3, 3, 5, 3, 3, 11, 9, 2, 4, 2, 3, 5, 1, 3, 3, 3, 2, 4, 6, 2, 8, 3, 6]
conv4_1
[42, 38, 53, 37, 40, 39, 51, 35, 40, 48, 38, 38, 37, 47, 42, 25, 41, 39, 35, 47, 40, 38, 33, 34, 36, 37, 34, 30, 40, 37, 40, 29, 40, 41, 39, 46, 34, 50, 25, 49, 33, 44, 34, 40, 49, 41, 24, 31, 37, 35, 33, 36, 32, 31, 44, 36, 41, 30, 35, 32, 48, 30, 37, 33, 33, 33, 23, 36, 50, 62, 36, 40, 32, 38, 38, 26, 41, 36, 44, 36, 38, 37, 44, 36, 36, 32, 43, 41, 42, 40, 32, 42, 49, 38, 37, 41, 57, 48, 42, 31, 43, 44, 43, 63, 50, 33, 26, 42, 32, 23, 40, 52, 29, 44, 28, 43, 39, 33, 35, 38, 39, 54, 34, 49, 28, 41, 38, 41]
conv5_1
[130, 145, 152, 149, 146, 135, 141, 141, 130, 137, 140, 143, 140, 139, 146, 145, 148, 134, 133, 139, 130, 152, 133, 135, 136, 135, 146, 141, 151, 139, 146, 154, 142, 129, 148, 142, 137, 133, 127, 121, 144, 129, 148, 132, 105, 133, 158, 130, 136, 140, 153, 138, 147, 123, 154, 124, 135, 149, 130, 148, 147, 135, 131, 137, 160, 131, 150, 140, 133, 127, 136, 139, 148, 137, 146, 136, 142, 146, 138, 150, 124, 143, 136, 142, 151, 135, 140, 142, 144, 146, 143, 133, 142, 149, 147, 126, 149, 127, 145, 134, 138, 135, 135, 144, 139, 141, 125, 116, 137, 136, 137, 133, 151, 131, 153, 148, 128, 151, 131, 146, 131, 159, 136, 134, 135, 153, 149, 144]
