conv1_1
[1, 0, 0, 0, 0, 0, 0, 0, 0, 0, 0, 0, 0, 0, 0, 0, 0, 0, 0, 0, 0, 0, 0, 3, 0, 0, 0, 0, 0, 0, 0, 0, 0, 0, 0, 0, 0, 0, 0, 0, 0, 0, 0, 0, 0, 0, 0, 0, 0, 0, 0, 0, 0, 0, 0, 0, 0, 0, 0, 1, 0, 0, 0, 0, 0, 0, 0, 2, 0, 0, 0, 0, 0, 0, 0, 1, 0, 0, 0, 0, 0, 0, 0, 0, 0, 0, 0, 0, 0, 0, 0, 0, 0, 0, 0, 0, 0, 0, 0, 0, 0, 0, 0, 0, 0, 0, 0, 0, 0, 0, 0, 0, 0, 0, 0, 2, 0, 0, 0, 0, 0, 0, 0, 0, 0, 0, 0, 0]
conv2_1
[0, 0, 0, 0, 0, 0, 0, 0, 0, 0, 0, 0, 0, 0, 0, 0, 1, 0, 0, 0, 0, 0, 0, 1, 0, 0, 1, 0, 0, 0, 1, 0, 0, 1, 0, 0, 0, 4, 0, 2, 0, 0, 1, 0, 0, 1, 1, 0, 0, 0, 0, 0, 0, 0, 0, 0, 0, 0, 0, 0, 0, 0, 0, 0, 1, 1, 0, 0, 0, 0, 0, 0, 0, 0, 0, 1, 0, 1, 1, 1, 0, 0, 0, 0, 0, 0, 0, 0, 2, 0, 0, 1, 0, 0, 0, 0, 0, 0, 0, 0, 0, 0, 0, 1, 0, 0, 0, 0, 0, 1, 0, 0, 0, 0, 0, 0, 0, 0, 0, 0, 0, 1, 4, 0, 0, 8, 0, 2]
conv3_1
[1, 3, 2, 2, 2, 9, 2, 5, 4, 4, 1, 2, 2, 3, 7, 3, 4, 6, 4, 8, 4, 4, 2, 6, 3, 5, 2, 1, 3, 5, 6, 5, 8, 4, 4, 2, 2, 8, 4, 8, 6, 10, 4, 5, 9, 6, 5, 3, 2, 5, 4, 4, 6, 5, 2, 3, 3, 8, 4, 3, 2, 4, 2, 3, 12, 3, 7, 4, 5, 7, 4, 4, 2, 3, 4, 2, 7, 13, 4, 1, 6, 3, 3, 6, 6, 7, 4, 4, 6, 4, 4, 4, 2, 6, 3, 4, 5, 6, 2, 6, 2, 7, 1, 6, 6, 3, 5, 5, 7, 4, 2, 7, 6, 6, 9, 11, 4, 3, 2, 4, 5, 0, 11, 7, 4, 16, 7, 4]
conv4_1
[60, 28, 44, 42, 38, 48, 37, 40, 42, 31, 39, 37, 36, 46, 28, 34, 44, 42, 40, 36, 35, 41, 37, 61, 19, 44, 53, 37, 31, 24, 30, 33, 45, 28, 40, 34, 29, 54, 31, 37, 56, 55, 32, 46, 41, 37, 40, 39, 44, 40, 25, 52, 49, 40, 38, 40, 30, 45, 36, 43, 49, 38, 26, 30, 52, 36, 41, 45, 35, 37, 21, 38, 41, 23, 33, 38, 45, 41, 43, 32, 35, 33, 32, 36, 41, 40, 40, 32, 46, 37, 39, 33, 29, 35, 41, 34, 35, 37, 41, 37, 28, 35, 37, 42, 39, 33, 34, 30, 52, 41, 26, 38, 54, 27, 54, 40, 35, 39, 34, 26, 28, 29, 40, 50, 43, 64, 43, 32]
conv5_1
[142, 139, 137, 120, 144, 147, 126, 144, 124, 132, 142, 141, 133, 134, 135, 128, 155, 150, 131, 124, 138, 117, 149, 145, 155, 134, 141, 145, 147, 136, 141, 141, 122, 145, 135, 127, 149, 138, 143, 138, 134, 126, 143, 124, 130, 142, 137, 134, 138, 142, 132, 133, 148, 127, 141, 138, 135, 138, 142, 137, 150, 137, 149, 145, 126, 130, 129, 142, 132, 152, 135, 133, 137, 165, 139, 143, 139, 143, 142, 149, 142, 141, 138, 159, 139, 156, 140, 137, 148, 132, 142, 134, 149, 144, 160, 127, 136, 159, 135, 144, 149, 133, 141, 146, 129, 148, 146, 147, 145, 141, 133, 134, 142, 127, 139, 145, 129, 149, 144, 128, 141, 152, 129, 121, 142, 153, 136, 145]
